444

0.000000 0.000000 0.000000 0.000000 
0.000000 0.000000 -0.000023 0.000000 
0.000000 -0.000023 -0.000046 -0.000023 
0.000000 0.000000 -0.000023 0.000000 


0.000000 0.000000 -0.000023 0.000000 
0.000000 -0.000046 -0.000093 -0.000046 
-0.000023 -0.000093 -0.000394 -0.000093 
0.000000 -0.000046 -0.000093 -0.000046 


0.000000 -0.000023 -0.000046 -0.000023 
-0.000023 -0.000093 -0.000394 -0.000093 
-0.000046 -0.000394 -0.001944 -0.000386 
-0.000023 -0.000093 -0.000386 -0.000093 


0.000000 0.000000 -0.000023 0.000000 
0.000000 -0.000046 -0.000093 -0.000046 
-0.000023 -0.000093 -0.000386 -0.000093 
0.000000 -0.000046 -0.000093 -0.000046 


555

0.000000 0.000000 -0.000008 0.000000 0.000000 
0.000000 -0.000015 -0.000023 -0.000015 0.000000 
-0.000008 -0.000023 -0.000081 -0.000023 -0.000008 
0.000000 -0.000015 -0.000023 -0.000015 0.000000 
0.000000 0.000000 -0.000008 0.000000 0.000000 


0.000000 -0.000015 -0.000023 -0.000015 0.000000 
-0.000015 -0.000046 -0.000154 -0.000046 -0.000015 
-0.000023 -0.000154 -0.000394 -0.000154 -0.000023 
-0.000015 -0.000046 -0.000154 -0.000046 -0.000015 
0.000000 -0.000015 -0.000023 -0.000015 0.000000 


-0.000008 -0.000023 -0.000081 -0.000023 -0.000008 
-0.000023 -0.000154 -0.000394 -0.000154 -0.000023 
-0.000081 -0.000394 -0.002060 -0.000394 -0.000081 
-0.000023 -0.000154 -0.000394 -0.000154 -0.000023 
-0.000008 -0.000023 -0.000081 -0.000023 -0.000008 


0.000000 -0.000015 -0.000023 -0.000015 0.000000 
-0.000015 -0.000046 -0.000154 -0.000046 -0.000015 
-0.000023 -0.000154 -0.000394 -0.000154 -0.000023 
-0.000015 -0.000046 -0.000154 -0.000046 -0.000015 
0.000000 -0.000015 -0.000023 -0.000015 0.000000 


0.000000 0.000000 -0.000008 0.000000 0.000000 
0.000000 -0.000015 -0.000023 -0.000015 0.000000 
-0.000008 -0.000023 -0.000081 -0.000023 -0.000008 
0.000000 -0.000015 -0.000023 -0.000015 0.000000 
0.000000 0.000000 -0.000008 0.000000 0.000000 

